56
32
38
112
16
114
47
None
None
68
16
125
47
16
47
69
32
2
112
None
None
47
16
3
None
112
32
112
27
124
None
47
16
47
112
7
16
32
38
112
47
93
16
32
112
15
56
47
12
16
56
15
47
112
32
16
122
128
3
112
56
47
15
32
16
32
73
71
56
7
122
112
16
38
47
112
47
15
16
56
12
32
125
79
128
32
15
16
47
56
112
114
12
38
15
47
32
56
16
12
47
12
16
32
112
32
38
47
57
16
81
5
47
114
73
16
47
128
16
32
60
16
32
16
47
15
56
None
12
32
15
47
56
16
32
32
57
15
47
112
25
2
16
56
32
56
47
68
16
15
12
16
47
32
12
32
16
12
None
122
56
47
16
128
112
32
32
15
47
16
32
56
15
16
47
128
47
None
32
15
56
3
16
56
15
122
32
16
47
112
16
56
15
47
32
16
15
47
56
32
2
110
16
5
32
114
112
56
73
122
38
47
38
16
32
124
27
47
112
16
32
47
71
114
112
66
38
32
47
71
38
16
112
122
2
38
47
7
112
16
32
32
16
81
38
47
57
112
47
38
81
57
112
16
32
47
73
5
16
47
5
73
56
16
114
5
16
47
73
56
47
12
56
16
32
16
15
56
12
47
32
32
47
15
16
112
56
125
12
112
32
16
47
2
32
112
15
16
47
128
32
16
32
16
15
47
128
3
16
56
32
3
47
32
56
16
47
15
32
56
16
15
47
15
47
56
16
112
79
32
4
12
114
56
32
15
47
16
4
89
47
32
16
47
15
56
16
32
16
56
32
15
47
32
56
73
16
47
32
16
56
47
15
16
60
32
32
60
16
32
56
47
16
15
32
15
56
47
16
56
47
32
15
38
6
114
16
15
56
47
32
12
32
15
56
47
16
15
56
47
32
16
32
47
15
56
38
16
32
15
128
47
16
32
15
56
16
12
47
47
32
56
15
12
16
16
47
32
15
56
47
16
32
56
15
32
2
56
16
15
110
None
112
57
47
2
110
112
16
47
32
15
57
56
15
68
12
16
56
32
47
47
56
15
12
32
16
12
47
32
16
None
47
32
12
32
16
12
32
12
None
None
16
47
112
32
56
128
16
122
3
56
122
32
47
16
112
128
3
32
15
16
47
93
56
47
32
16
16
47
32
15
47
32
15
16
15
56
32
16
3
47
56
32
128
15
47
16
47
32
None
56
15
122
16
47
3
32
15
56
112
16
56
15
32
47
16
56
15
3
32
16
47
93
15
56
32
16
2
47
47
2
15
32
16
56
2
73
5
47
32
112
15
122
56
124
110
38
114
16
73
16
38
124
112
5
56
110
47
47
38
16
124
112
27
5
32
124
73
5
38
112
16
47
32
112
5
38
47
114
57
16
66
38
71
16
32
112
66
47
114
57
5
47
73
122
71
16
38
112
32
2
2
32
71
122
56
47
38
16
112
16
112
38
32
7
47
56
32
7
38
16
112
47
57
16
38
81
32
112
47
57
112
47
2
32
16
81
38
81
57
47
112
32
16
38
32
112
57
47
38
None
81
16
47
5
None
56
16
73
16
47
5
73
16
47
56
5
47
5
16
56
73
5
73
56
16
47
114
5
47
73
56
16
12
16
125
32
47
16
32
12
47
56
32
None
15
47
16
12
15
56
47
32
16
12
56
32
47
15
None
12
112
47
56
16
32
15
12
112
16
32
47
112
32
47
16
112
56
32
2
16
15
69
47
112
112
56
15
16
32
2
47
None
128
None
16
128
3
16
56
16
15
47
128
3
32
47
128
16
15
32
3
56
3
32
15
56
16
47
56
32
47
3
16
128
47
15
2
32
56
16
128
128
56
15
32
16
47
32
56
47
15
32
56
15
47
32
15
2
56
112
16
12
47
4
114
79
12
114
56
15
47
79
16
4
112
32
16
32
15
56
47
16
4
15
56
47
32
47
89
32
4
16
47
89
16
4
32
32
15
56
47
114
16
47
15
56
32
114
16
56
32
15
16
47
47
16
56
15
32
32
16
56
47
73
32
47
56
16
32
47
16
None
15
56
56
47
16
15
32
16
60
32
None
16
32
60
60
32
16
16
32
60
56
32
15
47
16
47
3
56
15
32
16
16
56
47
32
15
15
32
56
16
47
2
5
15
56
16
32
47
38
114
32
56
16
47
15
38
3
114
16
32
56
47
15
12
56
32
16
12
47
15
47
56
15
32
16
15
32
56
47
16
16
32
56
47
15
114
16
56
32
15
47
5
38
56
16
47
16
114
15
47
56
32
38
32
15
47
56
16
128
16
128
47
32
