3505
3505
3505
3505
3505
3505
3505
3505
3506
3506
3506
3506
3506
3507
3507
3507
3507
3507
3507
3507
3508
3508
3508
3508
3508
3508
3509
3509
3509
3509
3509
3509
3509
3511
3511
3511
3511
3511
3511
3510
3510
3510
3510
2817
2817
2817
2817
2817
2817
2817
2819
2819
2819
2819
2819
2819
2819
2820
2820
2820
2820
2820
2820
2820
2820
2821
2821
2821
2821
2821
2821
2821
2821
2821
2821
2824
2824
2824
2824
2824
2824
2824
2824
2826
2826
2826
2826
2826
2826
2826
2826
2826
2826
2827
2827
2827
2827
2827
2827
2827
2818
2818
2818
2818
2822
2822
2822
2822
2822
2822
2822
2823
2823
2823
2823
2823
2825
2825
2825
2825
2828
2828
2828
2592
2592
2592
2592
2592
2592
2592
2593
2593
2593
2593
2593
2594
2594
2594
2594
2594
2594
2594
2594
2594
2595
2595
2595
2595
2595
2595
2595
2596
2596
2596
2596
2597
2597
2597
2598
2598
2598
2598
2598
2598
2598
2598
2599
2599
2599
2599
2600
2600
2600
2600
2600
2602
2602
2602
2602
2602
2602
2602
2602
2603
2603
2603
2603
2603
2603
2603
2604
2604
2604
2604
2604
2605
2605
2605
2605
2605
2605
2606
2606
2606
2606
2606
2606
2606
2606
2606
2606
2606
2607
2607
2607
2607
2607
2607
2607
2608
2608
2608
2608
2608
2608
2608
2608
2609
2609
2609
2609
2609
2609
2609
2609
2610
2610
2610
2610
2610
2610
2611
2611
2611
2611
2611
2611
2611
2612
2612
2612
2612
2612
2612
2612
2613
2613
2613
2613
2614
2614
2614
2614
2614
2615
2615
2615
2615
2615
2615
2616
2616
2616
2616
2616
2617
2617
2617
2617
2617
2617
2618
2618
2618
2618
2618
2618
2618
2618
2619
2619
2619
2619
2620
2620
2620
2620
2620
2620
2621
2621
2621
2624
2624
2624
2624
2624
2624
2625
2625
2625
2625
2625
2626
2626
2626
2626
2626
2627
2627
2627
2627
2627
2628
2628
2628
2628
2628
2628
2628
2628
2628
2628
2629
2629
2629
2629
2629
2630
2630
2630
2630
2630
2631
2631
2631
2631
2631
2632
2632
2632
2632
2632
2633
2633
2633
2633
2633
2634
2634
2634
2634
2634
2635
2635
2635
2636
2636
2636
2637
2637
2637
2637
2637
2638
2638
2638
2638
2638
2639
2639
2639
2639
2639
2639
2639
2640
2640
2640
2640
2640
2640
2641
2641
2641
2641
2641
2642
2642
2642
2642
2642
2643
2643
2643
2643
2643
2643
2644
2644
2644
2644
2644
3323
3323
3323
3323
3323
3323
3324
3324
3324
3324
3324
3324
3325
3325
3325
3325
3325
3326
3326
3326
3326
3326
3327
3327
3327
3327
3327
3327
3327
3327
3327
3327
3328
3328
3328
3328
3328
3328
3328
3328
3328
3329
3329
3329
3329
3329
3329
3329
3330
3330
3330
3330
3330
3330
3331
3331
3331
3331
3331
3332
3332
3332
3333
3333
3333
3334
3334
3334
3334
3334
3335
3335
3335
3335
3335
3335
3335
3336
3336
3336
3336
3336
3336
3336
3336
3337
3337
3337
3337
3337
3337
3338
3338
3338
3338
3339
3339
3339
3339
3340
3340
3340
3340
3343
3343
3343
3343
3343
3343
3344
3344
3344
3344
3344
3344
3345
3345
3345
3345
3345
3345
3345
3346
3346
3346
3346
3346
3346
3346
3347
3347
3347
3347
3347
3348
3348
3348
3348
3348
3348
3349
3349
3349
3349
3349
3349
3349
3350
3350
3350
3350
3350
3350
3351
3351
3351
3351
3351
3351
3351
3351
3351
3351
3351
3351
3351
3351
3352
3352
3352
3352
3352
3352
3352
3352
3352
3353
3353
3353
3353
3353
3353
3353
3353
3354
3354
3354
3354
3354
3354
3354
3354
3355
3355
3355
3355
3355
3355
3355
3355
3356
3356
3356
3356
3356
3356
3356
3356
3356
3357
3357
3357
3357
3357
3357
3357
3357
3357
3357
3358
3358
3358
3358
3358
3358
3358
3358
3358
3359
3359
3359
3359
3359
3359
3359
3360
3360
3360
3360
3360
3360
3361
3361
3361
3361
3361
3361
3361
3362
3362
3362
3362
3362
3362
3362
3362
3363
3363
3363
3363
3363
3363
3363
3364
3364
3364
3364
3364
3364
3364
3364
3365
3365
3365
3365
3365
3366
3366
3366
3366
3367
3367
3367
3367
3367
3368
3368
3368
3368
3368
3369
3369
3369
3369
3369
3370
3370
3370
3370
3370
3370
3371
3371
3371
3371
3371
3372
3372
3372
3372
3373
3373
3373
3373
3373
3373
3373
3374
3374
3374
3374
3374
3374
3375
3375
3375
3375
3375
3375
3375
3376
3376
3376
3376
3376
3376
3376
3377
3377
3377
3377
3378
3378
3378
3378
3379
3379
3379
3379
3379
3379
3379
3379
3380
3380
3380
3380
3380
3380
3380
3381
3381
3381
3381
3382
3382
3382
3387
3387
3387
3387
3387
3387
3387
3388
3388
3388
3388
3388
3388
3388
3389
3389
3389
3389
3389
3389
3390
3390
3390
3390
3390
3390
3391
3391
3391
3391
3391
3391
3391
3392
3392
3392
3392
3392
3392
3393
3393
3393
3393
3394
3394
3394
3394
3395
3395
3395
3395
3395
3395
3395
3395
3395
3395
3395
3396
3396
3396
3396
3396
3396
3396
3396
3396
3396
3397
3397
3397
3397
3397
3398
3398
3398
3398
3398
3398
3399
3399
3399
3399
3399
3400
3400
3400
3400
3400
3401
3401
3401
3401
3401
3401
3402
3402
3402
3402
3402
3402
3403
3403
3403
3403
3403
3404
3404
3404
3404
3404
3405
3405
3405
3405
3406
3406
3406
3406
3406
3407
3407
3407
3407
3407
3407
3408
3408
3408
3408
3408
3409
3409
3409
3409
3410
3410
3410
3411
3411
3411
3412
3412
3412
3413
3413
3413
3413
3413
3414
3414
3414
3414
3414
3414
3415
3415
3415
3415
3415
3416
3416
3416
3416
3416
3417
3417
3417
3417
3417
3417
3417
3417
3417
3418
3418
3418
3418
3418
3418
3418
3418
3419
3419
3419
3419
3419
3419
3420
3420
3420
3420
3420
3420
3421
3421
3421
3421
3421
3422
3422
3422
3422
3422
3423
3423
3423
3423
3423
3423
3424
3424
3424
3424
3424
3425
3425
3425
3425
3425
3426
3426
3426
3426
3426
3426
3426
3427
3427
3427
3427
3427
3427
3428
3428
3428
3428
